A1 = [1 0 0;0 cos(90) -sin(90);0 sin(90) cos(90)]
A2 = [cos(45) -sin(45) 0;sin(45) cos(45) 0;0 0 1]
A3 = [cos(75) 0 sin(75);0 1 0;-sin(75) 0 cos(75)]

B1 = [1 0 0;0 cos(32) -sin(32);0 sin(32) cos(32)]
B2 = [cos(45) -sin(150) 0;sin(150) cos(150) 0;0 0 1]
B3 = [1 0 0;0 cos(30) -sin(30);0 sin(30) cos(30)]

C1 = [1 0 0;0 cos(270) -sin(270);0 sin(270) cos(270)]
C2 = [cos(75) 0 sin(65);0 1 0;-sin(65) 0 cos(65)]
C3 = [cos(110) -sin(110) 0;sin(110) cos(110) 0;0 0 1]

D1 = [cos(27) 0 sin(27);0 1 0;-sin(27) 0 cos(27)]
D2 = [1 0 0;0 cos(150) -sin(150);0 sin(150) cos(150)]
D3 = [cos(30) 0 sin(30);0 1 0;-sin(30) 0 cos(30)]

E1 = [cos(30) 0 sin(30);0 1 0;-sin(30) 0 cos(30)]
E2 = [1 0 0;0 cos(150) -sin(150);0 sin(150) cos(150)]
E3 = [cos(30) 0 sin(27);0 1 0;-sin(27) 0 cos(27)]

F1 = [cos(110) -sin(110) 0;sin(110) cos(110) 0;0 0 1]
F2 = [cos(65) 0 sin(65);0 1 0;-sin(65) 0 cos(65)]
F3 = [cos(30) -sin(30) 0;sin(30) cos(30) 0;0 0 1]

G1 = [1 0 0;0 cos(30) -sin(30);0 sin(30) cos(30)]
G2 = [cos(45) 0 sin(45);0 1 0;-sin(45) 0 cos(45)]
G3 = [cos(65) -sin(65) 0;sin(65) cos(65) 0;0 0 1]

H1 = [1 0 0;0 cos(90) -sin(90);0 sin(90) cos(90)]
H2 = [cos(90) 0 sin(90);0 1 0;-sin(90) 0 cos(90)]
H3 = [cos(110) -sin(110) 0;sin(110) cos(110) 0;0 0 1]

I1 = [cos(32) -sin(32) 0;sin(32) cos(32) 0;0 0 1]
I2 = [cos(75) 0 sin(75);0 1 0;-sin(75) 0 cos(75)]
I3 = [1 0 0;0 cos(150) -sin(150);0 sin(150) cos(150)]

J1 = [cos(270) -sin(270) 0;sin(270) cos(270) 0;0 0 1]
J2 = [cos(270) 0 sin(270);0 1 0;-sin(270) 0 cos(270)]
J3 = [cos(30) -sin(30) 0;sin(30) cos(30) 0;0 0 1]

A1*A2*A3
B1*B2*B3
C1*C2*C3
D1*D2*D3
E1*E2*E3
F1*F2*F3
G1*G2*G3
H1*H2*H3
I1*I2*I3
J1*J2*J3